#' pnr colors
#'
#'
#' @export
pnr_pal <- c("#0c5184", "#77943c", "#d95700", "#9fb6c7", "#601a3d", "#000000", "#de85b1", "#ffc600")
